512 Subsets in Total
1
11
111
1117
11178
1118
117
1178
118
12
121
1211
12117
121178
12118
1217
12178
1218
123
1231
12311
123117
1231178
123118
12317
123178
12318
1234
12341
123411
1234117
12341178
1234118
123417
1234178
123418
12345
123451
1234511
12345117
123451178
12345118
1234517
12345178
1234518
123457
1234578
123458
12347
123478
12348
1235
12351
123511
1235117
12351178
1235118
123517
1235178
123518
12357
123578
12358
1237
12378
1238
124
1241
12411
124117
1241178
124118
12417
124178
12418
1245
12451
124511
1245117
12451178
1245118
124517
1245178
124518
12457
124578
12458
1247
12478
1248
125
1251
12511
125117
1251178
125118
12517
125178
12518
1257
12578
1258
127
1278
128
13
131
1311
13117
131178
13118
1317
13178
1318
134
1341
13411
134117
1341178
134118
13417
134178
13418
1345
13451
134511
1345117
13451178
1345118
134517
1345178
134518
13457
134578
13458
1347
13478
1348
135
1351
13511
135117
1351178
135118
13517
135178
13518
1357
13578
1358
137
1378
138
14
141
1411
14117
141178
14118
1417
14178
1418
145
1451
14511
145117
1451178
145118
14517
145178
14518
1457
14578
1458
147
1478
148
15
151
1511
15117
151178
15118
1517
15178
1518
157
1578
158
17
178
18
2
21
211
2117
21178
2118
217
2178
218
23
231
2311
23117
231178
23118
2317
23178
2318
234
2341
23411
234117
2341178
234118
23417
234178
23418
2345
23451
234511
2345117
23451178
2345118
234517
2345178
234518
23457
234578
23458
2347
23478
2348
235
2351
23511
235117
2351178
235118
23517
235178
23518
2357
23578
2358
237
2378
238
24
241
2411
24117
241178
24118
2417
24178
2418
245
2451
24511
245117
2451178
245118
24517
245178
24518
2457
24578
2458
247
2478
248
25
251
2511
25117
251178
25118
2517
25178
2518
257
2578
258
27
278
28
3
31
311
3117
31178
3118
317
3178
318
34
341
3411
34117
341178
34118
3417
34178
3418
345
3451
34511
345117
3451178
345118
34517
345178
34518
3457
34578
3458
347
3478
348
35
351
3511
35117
351178
35118
3517
35178
3518
357
3578
358
37
378
38
4
41
411
4117
41178
4118
417
4178
418
45
451
4511
45117
451178
45118
4517
45178
4518
457
4578
458
47
478
48
5
51
511
5117
51178
5118
517
5178
518
57
578
58
7
78
8
